 77            7             11 
 91            7             13 
 119           7             17 
 133           7             19 
 143           11            13 
 161           7             23 
 187           11            17 
 203           7             29 
 209           11            19 
 217           7             31 
 221           13            17 
 247           13            19 
 253           11            23 
 259           7             37 
 287           7             41 
 299           13            23 
 301           7             43 
 319           11            29 
 323           17            19 
 329           7             47 
 341           11            31 
 371           7             53 
 377           13            29 
 391           17            23 
 403           13            31 
 407           11            37 
 413           7             59 
 427           7             61 
 437           19            23 
 451           11            41 
 469           7             67 
 473           11            43 
 481           13            37 
 493           17            29 
 497           7             71 
 511           7             73 
 517           11            47 
 527           17            31 
 533           13            41 
 551           19            29 
 553           7             79 
 559           13            43 
 581           7             83 
 583           11            53 
 589           19            31 
 611           13            47 
 623           7             89 
 629           17            37 
 649           11            59 
 667           23            29 
 671           11            61 
 679           7             97 
 689           13            53 
 697           17            41 
 703           19            37 
 707           7             101 
 713           23            31 
 721           7             103 
 731           17            43 
 737           11            67 
 749           7             107 
 763           7             109 
 767           13            59 
 779           19            41 
 781           11            71 
 791           7             113 
 793           13            61 
 799           17            47 
 803           11            73 
 817           19            43 
 851           23            37 
 869           11            79 
 871           13            67 
 889           7             127 
 893           19            47 
 899           29            31 
 901           17            53 
 913           11            83 
 917           7             131 
 923           13            71 
 943           23            41 
 949           13            73 
 959           7             137 
 973           7             139 
 979           11            89 
 989           23            43 
